19 0
0 0 1 1 0 0 1 1 1 0 0 1 1 1 0 0 0 0 0 
0 0 0 1 1 0 1 0 1 1 0 0 1 1 0 1 1 0 0 
0 0 0 0 1 0 0 1 1 1 0 0 0 0 1 0 0 0 1 
0 0 0 0 1 1 1 0 1 0 1 0 0 0 0 1 0 1 0 
0 0 0 0 0 1 0 1 0 0 0 1 1 0 1 0 0 0 0 
0 0 0 0 0 0 1 0 1 1 0 1 0 0 1 1 1 0 1 
0 0 0 0 0 0 0 0 1 1 0 0 1 0 0 1 0 0 0 
0 0 0 0 0 0 0 0 1 0 0 0 1 1 1 0 1 0 0 
0 0 0 0 0 0 0 0 0 1 0 0 1 1 0 0 0 1 0 
0 0 0 0 0 0 0 0 0 0 1 1 1 0 0 0 1 0 0 
0 0 0 0 0 0 0 0 0 0 0 0 0 1 0 1 0 1 1 
0 0 0 0 0 0 0 0 0 0 0 0 0 0 0 0 0 0 1 
0 0 0 0 0 0 0 0 0 0 0 0 0 0 0 268435456 0 268435457 24 
0 0 0 0 0 0 0 0 0 0 0 0 0 0 1 0 0 0 0 
0 0 0 0 0 0 0 0 0 0 0 0 0 0 0 0 0 0 0 
0 0 0 0 0 0 0 0 0 0 0 0 0 0 0 0 1 0 0 
0 0 0 0 0 0 0 0 0 0 0 0 0 0 0 0 0 0 0 
0 0 0 0 0 0 0 0 0 0 0 0 0 0 0 0 0 0 0 
0 0 0 0 0 0 0 0 0 0 0 0 0 0 0 0 0 0 0 